[gd_scene load_steps=6 format=3 uid="uid://bavwijjwwwt7a"]

[ext_resource type="PackedScene" uid="uid://d2j67qiy4o7p3" path="res://scenes/combat/combat_master.tscn" id="1_j4g6w"]
[ext_resource type="PackedScene" uid="uid://wugy0pn73qjh" path="res://Assets/placeholder/obstacle_1.tscn" id="2_ge204"]
[ext_resource type="PackedScene" uid="uid://du48cpbxgkshn" path="res://scenes/combat/combat_ui.tscn" id="2_md2lc"]
[ext_resource type="PackedScene" uid="uid://cnh8hyqnkk2mp" path="res://Assets/placeholder/sprites/entity_combat.tscn" id="3_ge204"]
[ext_resource type="PackedScene" uid="uid://bmqhpiv2emd11" path="res://Assets/placeholder/sprites/entity_boss.tscn" id="4_4e0kn"]

[node name="Combat1" instance=ExtResource("1_j4g6w")]

[node name="CombatUI" parent="." index="0" instance=ExtResource("2_md2lc")]

[node name="Obstacle1" parent="Enviroment" index="1" instance=ExtResource("2_ge204")]
transform = Transform3D(0.36130092, 0, 0, 0, 0.5777379, 0, 0, 0, 0.33171624, 0.7425703, -0.15728432, 0)

[node name="Obstacle2" parent="Enviroment" index="2" instance=ExtResource("2_ge204")]
transform = Transform3D(0.30981222, 0, -0.17066783, 0, 0.577738, 0, 0.18588911, 0, 0.2844436, -0.8778442, -0.08062327, -0.79135656)

[node name="Obstacle3" parent="Enviroment" index="3" instance=ExtResource("2_ge204")]
transform = Transform3D(0.35988563, 0, -0.02933202, 0, 0.5777379, 0, 0.031947985, 0, 0.33041686, -0.4538176, 0.050804496, -0.8604449)

[node name="Obstacle4" parent="Enviroment" index="4" instance=ExtResource("2_ge204")]
transform = Transform3D(0.21072643, 0, -0.26945224, 0, 0.5777379, 0, 0.29348382, 0, 0.19347134, -0.016833186, -0.07794279, -0.7896519)

[node name="Obstacle5" parent="Enviroment" index="5" instance=ExtResource("2_ge204")]
transform = Transform3D(0.21072643, 0, -0.26945224, 0, 0.5777379, 0, 0.29348382, 0, 0.19347134, -0.6652373, -0.07794279, -0.44176114)

[node name="Obstacle8" parent="Enviroment" index="6" instance=ExtResource("2_ge204")]
transform = Transform3D(-0.08377369, 0, 0.32267618, 0, 0.5777379, 0, -0.35145462, 0, -0.07691394, -0.84040517, 0.050804496, 0.79227614)

[node name="Obstacle9" parent="Enviroment" index="7" instance=ExtResource("2_ge204")]
transform = Transform3D(0.21155542, 0, 0.26890412, 0, 0.57773787, 0, -0.2928868, 0, 0.19423243, -0.9117752, -0.07794279, 0.3553856)

[node name="Obstacle10" parent="Enviroment" index="8" instance=ExtResource("2_ge204")]
transform = Transform3D(0.21155542, 0, 0.26890412, 0, 0.57773787, 0, -0.2928868, 0, 0.19423243, -0.3762966, -0.07794279, 0.86008215)

[node name="Obstacle6" parent="Enviroment" index="9" instance=ExtResource("2_ge204")]
transform = Transform3D(0.30754456, 0, -0.17409071, 0, 0.57773787, 0, 0.18961728, 0, 0.2823616, 0.86827695, -0.07794279, -0.28453523)

[node name="Obstacle7" parent="Enviroment" index="10" instance=ExtResource("2_ge204")]
transform = Transform3D(0.45176026, 0, -0.047334738, 0, 0.81777877, 0, 0.2785338, 0, 0.07677326, 0.49104583, -0.07794279, -0.7402838)

[node name="Camera3D" parent="." index="2"]
transform = Transform3D(0.96073073, -0.07351903, 0.2675657, 0, 0.96426207, 0.26495034, -0.27748233, -0.2545459, 0.92639625, 0.3956747, 0.3575473, 0.9919565)

[node name="Player1" parent="PlayerParty" index="0" instance=ExtResource("3_ge204")]
transform = Transform3D(0.83575, 0, 0.5491104, 0, 1, 0, -0.5491104, 0, 0.83575, 0, 0.11473784, 0.64890045)

[node name="Enemy1" parent="EnemyParty" index="0" instance=ExtResource("4_4e0kn")]
transform = Transform3D(0.89740473, 0, 0.44120827, 0, 1, 0, -0.44120827, 0, 0.89740473, -0.006704539, 0.26376295, 0.094074965)
